0,1
1,5
2,6
3,6
4,1
5,7
6,5
7,0
8,5
9,6
10,2
11,3
12,5
13,1
14,5
15,3
16,0
17,0
18,2
19,2
20,1
21,1
22,6
23,2
24,7
25,0
26,3
27,4
28,6
29,4
30,5
31,7
32,1
33,6
34,4
35,5
36,4
37,1
38,2
39,4
40,6
41,3
42,3
43,4
44,1
45,3
46,7
47,3
48,2
49,3
50,5
51,0
52,3
53,5
54,1
55,6
56,3
57,7
58,2
59,0
60,1
61,7
62,5
63,2
64,7
65,0
66,1
67,1
68,6
69,6
70,3
71,1
72,7
73,5
74,0
75,2
76,7
77,0
78,4
79,3
80,3
81,6
82,1
83,3
84,4
85,3
86,5
87,5
88,4
89,2
90,2
91,2
92,4
93,1
94,4
95,2
96,2
97,4
98,2
99,5
100,3
101,3
102,0
103,6
104,5
105,0
106,4
107,1
108,1
109,0
110,1
111,5
112,0
113,3
114,5
115,3
116,1
117,4
118,5
119,2
120,0
121,3
122,0
123,7
124,4
125,1
126,4
127,3
128,4
129,0
130,3
131,0
132,5
133,3
134,7
135,5
136,4
137,3
138,1
139,1
140,7
141,7
142,1
143,5
144,0
145,7
146,0
147,4
148,6
149,7
150,1
151,0
152,5
153,6
154,5
155,1
156,1
157,7
158,0
159,0
160,2
161,4
162,0
163,3
164,2
165,7
166,3
167,6
168,5
169,3
170,7
171,4
172,1
173,4
174,7
175,0
176,0
177,5
178,7
179,3
180,0
181,6
182,5
183,2
184,6
185,1
186,0
187,2
188,0
189,7
190,0
191,1
192,1
193,0
194,7
195,3
196,6
197,5
198,5
199,2
200,6
201,0
202,5
203,1
204,6
205,7
206,3
207,6
208,7
209,2
210,2
211,2
212,1
213,6
214,5
215,5
216,5
217,0
218,2
219,7
220,7
221,5
222,0
223,0
224,4
225,3
226,7
227,2
228,4
229,0
230,3
231,5
232,7
233,2
234,5
235,6
236,3
237,3
238,7
239,4
240,3
241,1
242,0
243,5
244,7
245,4
246,7
247,5
248,3
249,4
250,6
251,3
252,7
253,1
254,2
255,0
256,6
257,3
258,6
259,0
260,5
261,1
262,4
263,5
264,5
265,6
266,7
267,0
268,1
269,2
270,2
271,7
272,2
273,5
274,6
275,4
276,3
277,6
278,6
279,5
280,7
281,7
282,6
283,7
284,0
285,0
286,7
287,7
288,6
289,4
290,4
291,1
292,0
293,4
294,4
295,2
296,7
297,1
298,2
299,2
300,0
301,4
302,3
303,4
304,4
305,4
306,5
307,1
308,3
309,5
310,1
311,3
312,7
313,0
314,0
315,6
316,5
317,1
318,0
319,5
320,0
321,0
322,0
323,5
324,3
325,4
326,0
327,4
328,1
329,5
330,5
331,4
332,4
333,2
334,0
335,2
336,7
337,4
338,0
339,3
340,5
341,0
342,1
343,1
344,3
345,4
346,7
347,0
348,5
349,4
350,7
351,0
352,2
353,3
354,2
355,7
356,7
357,0
358,2
359,1
360,7
361,0
362,7
363,6
364,6
365,2
366,6
367,0
368,0
369,1
370,4
371,6
372,2
373,1
374,5
375,0
376,7
377,4
378,7
379,1
380,1
381,1
382,1
383,0
384,1
385,3
386,7
387,5
388,5
389,7
390,2
391,7
392,0
393,0
394,5
395,1
396,4
397,1
398,1
399,1
400,5
401,1
402,2
403,6
404,0
405,7
406,7
407,2
408,5
409,7
410,0
411,3
412,7
413,6
414,7
415,3
416,4
417,2
418,6
419,3
420,3
421,3
422,5
423,3
424,4
425,3
426,5
427,1
428,4
429,4
430,0
431,2
432,2
433,7
434,1
435,1
436,3
437,6
438,0
439,2
440,0
441,0
442,5
443,6
444,0
445,6
446,4
447,4
448,4
449,7
450,4
451,3
452,3
453,0
454,3
455,5
456,3
457,3
458,5
459,1
460,3
461,2
462,5
463,7
464,5
465,3
466,0
467,1
468,5
469,6
470,7
471,1
472,3
473,5
474,0
475,7
476,3
477,6
478,4
479,6
480,6
481,1
482,3
483,1
484,2
485,5
486,6
487,6
488,5
489,6
490,4
491,2
492,7
493,6
494,5
495,2
496,5
497,4
498,4
499,1
500,5
501,5
502,3
503,6
504,6
505,5
506,2
507,4
508,1
509,5
510,3
511,6
512,0
513,6
514,3
515,0
516,6
517,6
518,0
519,3
520,0
521,6
522,5
523,4
524,1
525,6
526,4
527,0
528,4
529,1
530,3
531,6
532,1
533,2
534,2
535,6
536,3
537,0
538,5
539,0
540,4
541,0
542,5
543,5
544,4
545,3
546,5
547,4
548,3
549,1
550,6
551,6
552,5
553,2
554,5
555,5
556,7
557,3
558,4
559,6
560,0
561,0
562,6
563,6
564,7
565,1
566,6
567,0
568,0
569,2
570,5
571,2
572,3
573,6
574,6
575,3
576,2
577,0
578,4
579,4
580,1
581,4
582,2
583,5
584,0
585,7
586,6
587,0
588,0
589,1
590,7
591,4
592,2
593,4
594,6
595,3
596,3
597,3
598,3
599,7
600,3
601,2
602,7
603,0
604,6
605,2
606,3
607,3
608,5
609,7
610,3
611,4
612,6
613,3
614,7
615,7
616,5
617,2
618,7
619,0
620,4
621,5
622,4
623,2
624,5
625,7
626,5
627,1
628,0
629,5
630,1
631,5
632,3
633,5
634,4
635,2
636,3
637,3
638,3
639,4
640,3
641,7
642,0
643,3
644,6
645,1
646,4
647,3
648,1
649,7
650,3
651,0
652,2
653,7
654,5
655,2
656,4
657,4
658,5
659,2
660,0
661,3
662,7
663,6
664,6
665,3
666,2
667,3
668,1
669,3
670,2
671,6
672,4
673,5
674,5
675,3
676,0
677,0
678,6
679,3
680,7
681,5
682,1
683,2
684,2
685,7
686,4
687,6
688,7
689,1
690,7
691,0
692,2
693,6
694,6
695,3
696,0
697,3
698,0
699,0
700,1
701,4
702,4
703,5
704,5
705,3
706,4
707,5
708,4
709,2
710,5
711,0
712,4
713,1
714,5
715,2
716,5
717,2
718,6
719,0
720,7
721,7
722,6
723,4
724,0
725,4
726,5
727,3
728,0
729,5
730,1
731,6
732,7
733,6
734,5
735,3
736,1
737,7
738,3
739,1
740,7
741,5
742,3
743,7
744,7
745,0
746,1
747,6
748,1
749,7
750,0
751,1
752,7
753,2
754,5
755,3
756,6
757,3
758,5
759,5
760,3
761,4
762,6
763,1
764,5
765,5
766,1
767,7
768,2
769,6
770,4
771,0
772,2
773,5
774,3
775,0
776,6
777,4
778,5
779,1
780,0
781,0
782,3
783,3
784,1
785,2
786,5
787,3
788,1
789,5
790,5
791,6
792,7
793,7
794,5
795,4
796,5
797,3
798,0
799,6
800,1
801,2
